           1   1026.12170    
  1026.1217
           2   1026.22278    
  1026.2228
           3   1026.34070    
  1026.3407
           4   1026.46387    
  1026.4639
           5   1026.57397    
  1026.5740
           6   1026.68079    
  1026.6808
           7   1026.79785    
  1026.7979
           8   1026.92358    
  1026.9236
           9   1027.03577    
  1027.0358
          10   1027.13611    
  1027.1361
          11   1027.24280    
  1027.2428
          12   1027.35535    
  1027.3553
          13   1027.47595    
  1027.4760
          14   1027.60486    
  1027.6049
          15   1027.73535    
  1027.7354
          16   1027.86182    
  1027.8618
          17   1027.98328    
  1027.9833
          18   1028.11194    
  1028.1119
          19   1028.24121    
  1028.2412
          20   1028.37402    
  1028.3740
          21   1028.49878    
  1028.4988
          22   1028.60376    
  1028.6038
          23   1028.69617    
  1028.6962
          24   1028.77307    
  1028.7731
          25   1028.83020    
  1028.8302
          26   1028.87341    
  1028.8734
          27   1028.90271    
  1028.9027
          28   1028.92493    
  1028.9249
          29   1028.94299    
  1028.9430
          30   1028.95862    
  1028.9586
          31   1028.97168    
  1028.9717
          32   1028.98364    
  1028.9836
          33   1028.99390    
  1028.9939
          34   1029.00305    
  1029.0031
          35   1029.01111    
  1029.0111
          36   1029.01807    
  1029.0181
