19930106
19930113
19930120
19930127
19930203
19930210
19930217
19930224
19930303
19930310
19930317
19930324
19930331
19930407
19930414
19930421
19930428
19930505
19930512
19930519
19930526
19930602
19930609
19930616
19930623
19930630
19930707
19930714
19930721
19930728
19930804
19930811
19930818
19930825
19930901
19930908
19930915
19930922
19930929
19931006
19931013
19931020
19931027
19931103
19931110
19931117
19931124
19931201
19931208
19931215
19931222
19931229
19940105
19940112
19940119
19940126
19940202
19940209
19940216
19940223
19940302
19940309
19940316
19940323
19940330
19940406
19940413
19940420
19940427
19940504
19940511
19940518
19940525
19940601
19940608
19940615
19940622
19940629
19940706
19940713
19940720
19940727
19940803
19940810
19940817
19940824
19940831
19940907
19940914
19940921
19940928
19941005
19941012
19941019
19941026
19941102
19941109
19941116
19941123
19941130
19941207
19941214
19941221
19941228
19950104
19950111
19950118
19950125
19950201
19950208
19950215
19950222
19950301
19950308
19950315
19950322
19950329
19950405
19950412
19950419
19950426
19950503
19950510
19950517
19950524
19950531
19950607
19950614
19950621
19950628
19950705
19950712
19950719
19950726
19950802
19950809
19950816
19950823
19950830
19950906
19950913
19950920
19950927
19951004
19951011
19951018
19951025
19951101
19951108
19951115
19951122
19951129
19951206
19951213
19951220
19951227
19960103
19960110
19960117
19960124
19960131
19960207
19960214
19960221
19960228
19960306
19960313
19960320
19960327
19960403
19960410
19960417
19960424
19960501
19960508
19960515
19960522
19960529
19960605
19960612
19960619
19960626
19960703
19960710
19960717
19960724
19960731
19960807
19960814
19960821
19960828
19960904
19960911
19960918
19960925
19961002
19961009
19961016
19961023
19961030
19961106
19961113
19961120
19961127
19961204
19961211
19961218
19961225
19970101
19970108
19970115
19970122
19970129
19970205
19970212
19970219
19970226
19970305
19970312
19970319
19970326
19970402
19970409
19970416
19970423
19970430
19970507
19970514
19970521
19970528
19970604
19970611
19970618
19970625
19970702
19970709
19970716
19970723
19970730
19970806
19970813
19970820
19970827
19970903
19970910
19970917
19970924
19971001
19971008
19971015
19971022
19971029
19971105
19971112
19971119
19971126
19971203
19971210
19971217
19971224
19971231
19980107
19980114
19980121
19980128
19980204
19980211
19980218
19980225
19980304
19980311
19980318
19980325
19980401
19980408
19980415
19980422
19980429
19980506
19980513
19980520
19980527
19980603
19980610
19980617
19980624
19980701
19980708
19980715
19980722
19980729
19980805
19980812
19980819
19980826
19980902
19980909
19980916
19980923
19980930
19981007
19981014
19981021
19981028
19981104
19981111
19981118
19981125
19981202
19981209
19981216
19981223
19981230
19990106
19990113
19990120
19990127
19990203
19990210
19990217
19990224
19990303
19990310
19990317
19990324
19990331
19990407
19990414
19990421
19990428
19990505
19990512
19990519
19990526
19990602
19990609
19990616
19990623
19990630
19990707
19990714
19990721
19990728
19990804
19990811
19990818
19990825
19990901
19990908
19990915
19990922
19990929
19991006
19991013
19991020
19991027
19991103
19991110
19991117
19991124
19991201
19991208
19991215
19991222
19991229
20000105
20000112
20000119
20000126
20000202
20000209
20000216
20000223
20000301
20000308
20000315
20000322
20000329
20000405
20000412
20000419
20000426
20000503
20000510
20000517
20000524
20000531
20000607
20000614
20000621
20000628
20000705
20000712
20000719
20000726
20000802
20000809
20000816
20000823
20000830
20000906
20000913
20000920
20000927
20001004
20001011
20001018
20001025
20001101
20001108
20001115
20001122
20001129
20001206
20001213
20001220
20001227
20010103
20010110
20010117
20010124
20010131
20010207
20010214
20010221
20010228
20010307
20010314
20010321
20010328
20010404
20010411
20010418
20010425
20010502
20010509
20010516
20010523
20010530
20010606
20010613
20010620
20010627
20010704
20010711
20010718
20010725
20010801
20010808
20010815
20010822
20010829
20010905
20010912
20010919
20010926
20011003
20011010
20011017
20011024
20011031
20011107
20011114
20011121
20011128
20011205
20011212
20011219
20011226
20020102
20020109
20020116
20020123
20020130
20020206
20020213
20020220
20020227
20020306
20020313
20020320
20020327
20020403
20020410
20020417
20020424
20020501
20020508
20020515
20020522
20020529
20020605
20020612
20020619
20020626
20020703
20020710
20020717
20020724
20020731
20020807
20020814
20020821
20020828
20020904
20020911
20020918
20020925
20021002
20021009
20021016
20021023
20021030
20021106
20021113
20021120
20021127
20021204
20021211
20021218
20021225
20030101
20030108
20030115
20030122
20030129
20030205
20030212
20030219
20030226
20030305
20030312
20030319
20030326
20030402
20030409
20030416
20030423
20030430
20030507
20030514
20030521
20030528
20030604
20030611
20030618
20030625
20030702
20030709
20030716
20030723
20030730
20030806
20030813
20030820
20030827
20030903
20030910
20030917
20030924
20031001
20031008
20031015
20031022
20031029
20031105
20031112
20031119
20031126
20031203
20031210
20031217
20031224
20031231
20040107
20040114
20040121
20040128
20040204
20040211
20040218
20040225
20040303
20040310
20040317
20040324
20040331
20040407
20040414
20040421
20040428
20040505
20040512
20040519
20040526
20040602
20040609
20040616
20040623
20040630
20040707
20040714
20040721
20040728
20040804
20040811
20040818
20040825
20040901
20040908
20040915
20040922
20040929
20041006
20041013
20041020
20041027
20041103
20041110
20041117
20041124
20041201
20041208
20041215
20041222
20041229
20050105
20050112
20050119
20050126
20050202
20050209
20050216
20050223
20050302
20050309
20050316
20050323
20050330
20050406
20050413
20050420
20050427
20050504
20050511
20050518
20050525
20050601
20050608
20050615
20050622
20050629
20050706
20050713
20050720
20050727
20050803
20050810
20050817
20050824
20050831
20050907
20050914
20050921
20050928
20051005
20051012
20051019
20051026
20051102
20051109
20051116
20051123
20051130
20051207
20051214
20051221
20051228
20060104
20060111
20060118
20060125
20060201
20060208
20060215
20060222
20060301
20060308
20060315
20060322
20060329
20060405
20060412
20060419
20060426
20060503
20060510
20060517
20060524
20060531
20060607
20060614
20060621
20060628
20060705
20060712
20060719
20060726
20060802
20060809
20060816
20060823
20060830
20060906
20060913
20060920
20060927
20061004
20061011
20061018
20061025
20061101
20061108
20061115
20061122
20061129
20061206
20061213
20061220
20061227
20070103
20070110
20070117
20070124
20070131
20070207
20070214
20070221
20070228
20070307
20070314
20070321
20070328
20070404
20070411
20070418
20070425
20070502
20070509
20070516
20070523
20070530
20070606
20070613
20070620
20070627
20070704
20070711
20070718
20070725
20070801
20070808
20070815
20070822
20070829
20070905
20070912
20070919
20070926
20071003
20071010
20071017
20071024
20071031
20071107
20071114
20071121
20071128
20071205
20071212
20071219
20071226
20080102
20080109
20080116
20080123
20080130
20080206
20080213
20080220
20080227
20080305
20080312
20080319
20080326
20080402
20080409
20080416
20080423
20080430
20080507
20080514
20080521
20080528
20080604
20080611
20080618
20080625
20080702
20080709
20080716
20080723
20080730
20080806
20080813
20080820
20080827
20080903
20080910
20080917
20080924
20081001
20081008
20081015
20081022
20081029
20081105
20081112
20081119
20081126
20081203
20081210
20081217
20081224
20081231
20090107
20090114
20090121
20090128
20090204
20090211
20090218
20090225
20090304
20090311
20090318
20090325
20090401
20090408
20090415
20090422
20090429
20090506
20090513
20090520
20090527
20090603
20090610
20090617
20090624
20090701
20090708
20090715
20090722
20090729
20090805
20090812
20090819
20090826
20090902
20090909
20090916
20090923
20090930
20091007
20091014
20091021
20091028
20091104
20091111
20091118
20091125
20091202
20091209
20091216
20091223
20091230
20100106
20100113
20100120
20100127
20100203
20100210
20100217
20100224
20100303
20100310
20100317
20100324
20100331
20100407
20100414
20100421
20100428
20100505
20100512
20100519
20100526
20100602
20100609
20100616
20100623
20100630
20100707
20100714
20100721
20100728
20100804
20100811
20100818
20100825
20100901
20100908
20100915
20100922
20100929
20101006
20101013
20101020
20101027
20101103
20101110
20101117
20101124
20101201
20101208
20101215
20101222
20101229
20110105
20110112
20110119
20110126
20110202
20110209
20110216
20110223
20110302
20110309
20110316
20110323
20110330
20110406
20110413
20110420
20110427
20110504
20110511
20110518
20110525
20110601
20110608
20110615
20110622
20110629
20110706
20110713
20110720
20110727
20110803
20110810
20110817
20110824
20110831
20110907
20110914
20110921
20110928
20111005
20111012
20111019
20111026
20111102
20111109
20111116
20111123
20111130
20111207
20111214
20111221
20111228
20120104
20120111
20120118
20120125
20120201
20120208
20120215
20120222
20120229
20120307
20120314
20120321
20120328
20120404
20120411
20120418
20120425
20120502
20120509
20120516
20120523
20120530
20120606
20120613
20120620
20120627
20120704
20120711
20120718
20120725
20120801
20120808
20120815
20120822
20120829
20120905
20120912
20120919
20120926
20121003
20121010
20121017
20121024
20121031
20121107
20121114
20121121
20121128
20121205
20121212
20121219
20121226
20130102
20130109
20130116
20130123
20130130
20130206
20130213
20130220
20130227
20130306
20130313
20130320
20130327
20130403
20130410
20130417
20130424
20130501
20130508
20130515
20130522
20130529
20130605
20130612
20130619
20130626
20130703
20130710
20130717
20130724
20130731
20130807
20130814
20130821
20130828
20130904
20130911
20130918
20130925
20131002
20131009
20131016
20131023
20131030
20131106
20131113
20131120
20131127
20131204
20131211
20131218
20131225
20140101
20140108
20140115
20140122
20140129
20140205
20140212
20140219
20140226
20140305
20140312
20140319
20140326
20140402
20140409
20140416
20140423
20140430
20140507
20140514
20140521
20140528
20140604
20140611
20140618
20140625
20140702
20140709
20140716
20140723
20140730
20140806
20140813
20140820
20140827
20140903
20140910
20140917
20140924
20141001
20141008
20141015
20141022
20141029
20141105
20141112
20141119
20141126
20141203
20141210
20141217
20141224
20141231
20150107
20150114
20150121
20150128
20150204
20150211
20150218
20150225
20150304
20150311
20150318
20150325
20150401
20150408
20150415
20150422
20150429
20150506
20150513
20150520
20150527
20150603
20150610
20150617
20150624
20150701
20150708
20150715
20150722
20150729
20150805
20150812
20150819
20150826
20150902
20150909
20150916
20150923
20150930
20151007
20151014
20151021
20151028
20151104
20151111
20151118
20151125
20151202
20151209
20151216
20151223
20151230
20160106
20160113
20160120
20160127
20160203
20160210
20160217
20160224
20160302
20160309
20160316
20160323
20160330
20160406
20160413
20160420
20160427
20160504
20160511
20160518
20160525
20160601
20160608
20160615
20160622
20160629
20160706
20160713
20160720
20160727
20160803
20160810
20160817
20160824
20160831
20160907
20160914
20160921
20160928
20161005
20161012
20161019
20161026
20161102
20161109
20161116
20161123
20161130
20161207
20161214
20161221
20161228
20170104
20170111
20170118
20170125
20170201
20170208
20170215
20170222
20170301
20170308
20170315
20170322
20170329
20170405
20170412
20170419
20170426
20170503
20170510
20170517
20170524
20170531
20170607
20170614
20170621
20170628
20170705
20170712
20170719
20170726
20170802
20170809
20170816
20170823
20170830
20170906
20170913
20170920
20170927
20171004
20171011
20171018
20171025
20171101
20171108
20171115
20171122
20171129
20171206
20171213
20171220
20171227
20180103
20180110
20180117
20180124
20180131
20180207
20180214
20180221
20180228
20180307
20180314
20180321
20180328
20180404
20180411
20180418
20180425
20180502
20180509
20180516
20180523
20180530
20180606
20180613
20180620
20180627
20180704
20180711
20180718
20180725
20180801
20180808
20180815
20180822
20180829
20180905
20180912
20180919
20180926
20181003
20181010
20181017
20181024
20181031
20181107
20181114
20181121
20181128
20181205
20181212
20181219
20181226
